2.4616259
1.1632538
0.9478615
0.62203385
1.3171258
1.9675575
1.0950658
1.2945302
1.3238934
1.0120993
0.49175521
1.9046091
1.2846823
2.3785852
1.1611068
1.23547
0.017274141
0.76141722
2.3940549
0.69433149
1.2488004
2.1941163
0.30916138
0.24337458
1.0492258
1.4106303
0.95995751
1.9471523
1.1214129
0.84784767
1.0560879
1.617876
1.8337465
2.1687045
1.7185282
1.1307596
0.68252339
1.6608893
0.71321314
0.87700541
1.7173407
1.7116734
0.57132371
1.2884239
1.712167
0.7407447
2.5027785
1.7894448
0.88984198
1.6275876
0.5934595
0.73365382
0.27019844
0.82186124
0.1195203
0.66163292
-0.21455636
0.55565742
0.67018569
0.0049574794
-0.12855401
0.5222612
0.59203339
0.29898166
0.30696706
1.0460428
0.42138333
0.38014583
0.64573263
-0.05731433
1.748533
0.24541224
1.6667708
0.15481829
0.45853429
1.079977
-0.23188971
0.30340573
0.59544171
0.35595315
0.0687391
-0.40357752
1.251018
0.44530459
0.8681357
0.48508451
0.54259119
1.1322865
1.5460673
1.1773897
-0.074989616
1.5862516
0.41909423
1.0020385
1.1620904
0.27673196
0.19113108
0.23841865
0.20637172
0.78664562
